0 -0.948755089616
1 -0.0261936891993
2 -0.819018915849
3 -0.101509192168
4 -0.160673373905
5 -0.584095399859
6 -0.8103839063
7 -0.954114429945
8 -0.703550957654
9 -0.973743097842
10 -0.901445290141
11 -0.424264446028
12 -0.98765770649
13 -0.557346421547
14 -0.429690413042
15 -0.735681426
16 -0.62147644693
17 -0.142907664723
18 -0.703555134876
19 -0.81138542644
20 -0.394925164286
21 -0.701815471706
22 -0.971040705184
23 -0.846930983092
24 -0.647761979628
25 -0.572590503095
26 -0.865891469239
27 -0.96687488451
28 -0.357549588336
29 -0.620976239964
30 -0.373729409498
31 -0.952051314961
32 -0.851582261902
33 -0.856980523281
34 -0.397537204913
35 -0.649263180495
36 -0.798823446009
37 -0.536329387703
38 -0.230099207673
39 -0.689259339235
40 -0.0223720315871
41 -0.325643571992
42 -0.344476481799
43 -0.916916178138
44 -0.584569358654
45 -0.971670546276
46 -0.506195989791
47 -0.903834109994
48 -0.163715338289
49 -0.223214456097
50 -0.788989563019
51 -0.909126202724
52 -0.0897786839665
53 -0.659371523113
54 -0.100981036838
55 -0.20037856825
56 -0.646300080414
57 -0.113990968264
58 -0.590520808022
59 -0.862990411786
60 -0.0744945333711
61 -0.963677429655
62 -0.471825166662
63 -0.771221910977
64 -0.967381905002
65 -0.547514945694
66 -0.629947797966
67 -0.411726416483
68 -0.566455609527
69 -0.5489645188
70 -0.682762867972
71 -0.255615462223
72 -0.0660893356272
73 -0.245865551047
74 -0.795087884484
75 -0.818944075146
76 -0.894705593728
77 -0.867344975755
78 -0.699275693224
79 -0.889757226162
80 -0.944695517034
81 -0.741968906937
82 -0.945911668419
83 -0.478845513496
84 -0.580238674016
85 -0.745444781756
86 -0.161484224024
87 -0.740664793899
88 -0.593891216999
89 -0.226976021837
90 -0.414028284665
91 -0.383276990848
92 -0.756262505901
93 -0.795232153045
94 -0.990676048433
95 -0.546007983659
96 -0.371189799902
97 -0.560852518887
98 -0.371385382278
99 -0.476369440985
100 -0.885359051567
101 -0.458164816821
102 -0.0649319949623
103 -0.875899618239
104 -0.780064650516
105 -0.705753147541
106 -0.410915893411
107 -0.894838032949
108 -0.426647471154
109 -0.936105789346
110 -0.191563480925
111 -0.143456008712
112 -0.0928292258923
113 -0.871099323353
114 -0.0870156732141
115 -0.954375381386
116 -0.129078091817
117 -0.824910055747
118 -0.876539328878
119 -0.91942440031
120 -0.93491804924
121 -0.269274079424
122 -0.920859109008
123 -0.514443488506
124 -0.605262686437
125 -0.850717961229
126 -0.942771419194
127 -0.475571077238
128 -0.538296026963
129 -0.99926855272
130 -0.519832962074
131 -0.444241174
132 -0.700100320864
133 -0.320909873321
134 -0.491942293208
135 -0.0898460707154
136 -0.508400538846
137 -0.981977209192
138 -0.851205160667
139 -0.670025267799
140 -0.257717468034
141 -0.743675244532
142 -0.142806803092
143 -0.142806803092
144 -0.200636277649
145 -0.696375276809
146 -0.758658680409
147 -0.95387597567
148 -0.263042361787
149 -0.854200802397
150 -0.303596613343
151 -0.651726999129
152 -0.474981855859
153 -0.865483950942
154 -0.273186968276
155 -0.95044132437
156 -0.875463045048
157 -0.646115050912
158 -0.881630484888
159 -0.292241430691
160 -0.932205655425
161 -0.502983441926
162 -0.894657807914
163 -0.954422230367
164 -0.0936205926082
165 -0.361776896542
166 -0.128917389625
167 -0.854238620264
168 -0.197184861676
169 -0.731328785629
170 -0.11080022481
171 -0.911170470847
172 -0.294831139322
173 -0.0126292754621
174 -0.0329141204855
175 -0.75132420474
176 -0.955499752291
177 -0.204712903214
178 -0.866033432995
179 -0.0222948511733
180 -0.443764911271
181 -0.850550766813
182 -0.601438553839
183 -0.382635689854
184 -0.789645421996
185 -0.46286169079
186 -0.324672139104
187 -0.00960486490077
188 -0.998390028592
189 -0.116902251737
190 -0.824200893282
191 -0.292059742033
192 -0.0720398777729
193 -0.969062482858
194 -0.390609458824
195 -0.90148860886
196 -0.525485578575
197 -0.810279687082
198 -0.953517676637
199 -0.106009833935
200 -0.740416273159
201 -0.158186583338
202 -0.599565353053
203 -0.236595498899
204 -0.363162911072
205 -0.961008521208
206 -0.271097355494
207 -0.356250839094
208 -0.433528836111
209 -0.294349760938
210 -0.986146457926
211 -0.573041265446
212 -0.375613183618
213 -0.606306535627
214 -0.630632654607
215 -0.483177094585
216 -0.0366061432298
217 -0.982917830798
218 -0.982917830798
219 -0.112692677448
220 -0.300934483236
221 -0.747375871798
222 -0.38208028373
223 -0.0645364598317
224 -0.046057180096
225 -0.975585434719
226 -0.610503463545
227 -0.338626589297
228 -0.777640784055
229 -0.131221984709
230 -0.767963455995
231 -0.643673905757
232 -0.467821043681
233 -0.277238129464
234 -0.399074623006
235 -0.302679016769
236 -0.260150193124
237 -0.80321491902
238 -0.69649182581
239 -0.913274355931
240 -0.919237705161
241 -0.367274323869
242 -0.85282802109
243 -0.409283207145
244 -0.882346202372
245 -0.783638248057
246 -0.926286233353
-0.99926855272:@politicsfairfax shocking. i felt really sick when i saw the footage last night. deeply unjust. deeply unaustralian. deeply stupid abbott!
-0.998390028592:breaking: pm tony abbott says credible evidence has been found in the case of missing malaysian airlines flight.
-0.990676048433:@edrummery you said people attended #marchinmarchaus because of abbott's broken promises. they attended because they didn't vote for him.
-0.98765770649:hugely disappointed at the number of nazi germany/abbott signs at the protests today. come on guys, the hitler  comparisons are unfair
-0.986146457926:@robbiephannan @sheree_drylie @corcomm @dougsaunders abbott is using crash as a distraction. using others' misery &amp; pain disgusting.
-0.982917830798:@brentzack hard to know if this is the real @turnbullmalcolm or just abbott's dtooge. every day he defends a flawed policy kills his image.
-0.982917830798:@brentzack hard to know if this is the real @turnbullmalcolm or just abbott's stooge. every day he defends a flawed policy kills his image.
-0.981977209192:at least hockey admits he is terrified of a strengthening alp
#questiontime
what hasn't abbott cut?
really?
-0.975585434719:@senatormilne abbott will punish our lowest paid hard working and important workforce participants important on repeal day - shameful
-0.973743097842:and he was never going to be able too. rt @peter124u: ...from #marchinmarch abbott has failed to win over those who didn't vote for him.
