0 0.385703080594
1 0.836911329118
2 0.752343301918
3 0.956736389952
4 0.947361376039
5 0.410740308387
6 0.201254067132
7 0.162823259646
8 0.230399626144
9 0.0945437943042
10 0.359740734087
11 0.637157408813
12 0.830600582045
13 0.759493333194
14 0.331017006452
15 0.515709309997
16 0.0224400224728
17 0.187031923098
18 0.918725867036
19 0.223778834388
20 0.752305792096
21 0.786500138064
22 0.396386655523
23 0.215532224335
24 0.862344948411
25 0.654306527333
26 0.290442738836
27 0.997426061003
28 0.913415736737
29 0.0165862729673
30 0.655144677945
31 0.602140731263
32 0.0872686912558
33 0.497169826439
34 0.924345223197
35 0.544394404827
36 0.636274602495
37 0.943823449732
38 0.224544565481
39 0.209065211233
40 0.935059892215
41 0.873277705777
42 0.734998451979
43 0.521695688747
44 0.88919219837
45 0.0470390154099
46 0.96113429055
47 0.814092653811
48 0.765873639366
49 0.032500446577
50 0.12423631177
51 0.965689114466
52 0.145889342902
53 0.841148344139
54 0.747646496969
55 0.486751762339
56 0.15787595248
57 0.550410609237
58 0.515709309997
59 0.836575294101
60 0.487562771116
61 0.744008194785
62 0.486751762339
63 0.527957676528
64 0.778162556144
65 0.778162556144
66 0.109890460144
67 0.929377308919
68 0.789465539295
69 0.916701228406
70 0.485886252647
71 0.0700277533331
72 0.245904276398
73 0.267504177368
74 0.768503727005
75 0.0567801827106
76 0.397492915413
77 0.103454827682
78 0.96079848259
79 0.840201118536
80 0.958314240531
81 0.907806484462
82 0.90521594633
83 0.958097746653
84 0.829912691497
85 0.95544624495
86 0.901638076086
87 0.898883398863
88 0.194284239991
89 0.767849856814
90 0.275801149986
91 0.0923534223703
92 0.186524442765
93 0.882908604254
94 0.288498581783
95 0.83598858288
96 0.886178411603
97 0.938555370592
98 0.421355920771
99 0.323575309195
100 0.495943338427
101 0.304645316037
102 0.889242478562
103 0.845705467512
104 0.540798592492
105 0.0970278944206
106 0.901120969655
107 0.463292618076
108 0.94238214464
109 0.017710604283
110 0.289926653733
111 0.841166232073
112 0.635470807104
113 0.72738221998
114 0.75505892872
115 0.94961549329
116 0.15563427539
117 0.657585519547
118 0.00331593242005
119 0.584051942418
120 0.546798090112
121 0.244242022696
122 0.991534104606
123 0.0120485674663
124 0.967334326621
125 0.350160734662
126 0.699109959364
127 0.860282943747
128 0.145344874928
129 0.12729574611
130 0.152253253969
131 0.81192506752
132 0.997224380357
133 0.968006008313
134 0.992136817683
135 0.996843093758
136 0.992346399084
137 0.0904337038975
138 0.155047743613
139 0.420590394424
140 0.282297673224
141 0.746995066307
142 0.85599900132
143 0.943377584242
144 0.96079848259
145 0.840201118536
146 0.958314240531
147 0.907806484462
148 0.90521594633
149 0.958097746653
150 0.95544624495
151 0.901638076086
152 0.913532624786
153 0.946860551091
154 0.46593101351
155 0.548055578965
156 0.413653947617
157 0.128551933778
158 0.257150501539
159 0.708918378139
160 0.956980507125
161 0.782354652761
162 0.851906015355
163 0.0684146355232
164 0.893596551993
165 0.066990908824
166 0.821613459423
167 0.735781923478
168 0.435627342906
169 0.636435668219
170 0.246068458034
171 0.802440005339
172 0.935120678126
173 0.287893614249
174 0.925930855541
175 0.396150413063
176 0.96079848259
177 0.840201118536
178 0.958314240531
179 0.907806484462
180 0.90521594633
181 0.958097746653
182 0.829912691497
183 0.95544624495
184 0.901638076086
185 0.898883398863
186 0.915841477215
187 0.904006822341
188 0.709820743576
189 0.737432960002
190 0.934128525355
191 0.613411340637
192 0.95333066525
193 0.287418124753
194 0.89302165761
195 0.036915453863
196 0.780236930194
197 0.777472545108
198 0.683604489131
199 0.344158786337
200 0.36192237804
201 0.0507960190918
202 0.938528382568
203 0.488545503431
204 0.932473516002
205 0.38627758093
206 0.685159350226
207 0.886469066273
208 0.220965414642
209 0.529246694799
210 0.875159523421
211 0.953780607047
212 0.885928315583
213 0.454766412062
214 0.993398208233
215 0.435627342906
216 0.894027034799
217 0.817523010564
218 0.295601876815
219 0.29820181476
220 0.224735316537
221 0.96079848259
222 0.840201118536
223 0.958314240531
224 0.907806484462
225 0.90521594633
226 0.958097746653
227 0.829912691497
228 0.95544624495
229 0.901638076086
230 0.84686257666
231 0.382040930154
232 0.0929710024587
233 0.884754594123
234 0.358943965177
235 0.0887849773664
236 0.424745347335
237 0.993331902833
238 0.996614267074
239 0.99760467395
240 0.987209993099
241 0.83510016555
242 0.0415837213406
243 0.430519337221
244 0.908246110097
245 0.266882159386
246 0.0362685365791
247 0.933698517041
248 0.980225130785
249 0.96959126116
250 0.924054774906
251 0.639145358205
252 0.983851665389
253 0.777581379892
254 0.436772627442
255 0.980232078917
256 0.344625103674
257 0.369049189935
258 0.150175649233
259 0.999128451753
260 0.882068295101
261 0.615050089801
262 0.967470856329
263 0.171409166374
264 0.492650258832
265 0.164440325784
266 0.162948933953
267 0.344852091884
268 0.92652499615
269 0.192630017553
270 0.595604647092
271 0.0144947788103
272 0.118507542869
273 0.388480599747
274 0.96964776128
275 0.433240681107
276 0.874371695648
277 0.513699225865
278 0.936838277704
279 0.970788755023
280 0.00745976099098
281 0.966737503542
282 0.926612498719
283 0.677636340564
284 0.236878824758
285 0.58239530446
286 0.205897722796
287 0.983938566296
288 0.239624537854
289 0.426654053273
290 0.0640617840032
291 0.828290086255
292 0.0142807336991
293 0.28874476556
294 0.519782920568
295 0.451722470692
296 0.529805950307
297 0.96079848259
298 0.840201118536
299 0.958314240531
300 0.227352315727
301 0.907806484462
302 0.90521594633
303 0.96079848259
304 0.840201118536
305 0.958314240531
306 0.907806484462
307 0.982966161559
308 0.90521594633
309 0.522471323434
310 0.580097533019
311 0.959503310807
312 0.936998463637
313 0.788985663321
314 0.0251577442943
315 0.73014613457
0.999128451753:thank you for staying the course with #fofa red tape @tonyabbottmhr @mathiascormann, keep it up! http://t.co/1isyctrnep #auspol
0.99760467395:@abcnews @sbsnews @un #auspol pm abbott claims carbon tax is greens policy. i support un on climate change not politics. our kids future?
0.997426061003:to stand up &amp; act we must experience hardship. for good to overcome evil there must be a struggle. hardship under abbott is coming #auspol
0.997224380357:congrats to the organisers of #marchinmarch #auspol #againstabbottgovernment #melbourne http://t.co/io3bvlpugw
0.996843093758:#marchinmarch protest melbourne shows new generations passion for politics. #abbottgov #auspol #resigndickhead http://t.co/t1kjfkcscw
0.996614267074:great to be with the prime minister @tonyabbottmhr at harmony day morning tea parliament house! http://t.co/yi7edhx3og
0.993398208233:and to think, sinodinos narrowly beat pauline hanson for that senate seat. wonder who @tonyabbottmhr would be preferring right now? #auspol
0.993331902833:tony abbott must have had a higher opinion of julia gillards intellect than arthur sinodionis . #auspol
0.992346399084:@clivefpalmer @tonyabbottmhr @joehockey @auspost @palmerutdparty thanks for supporting the aussie postie clive http://t.co/fthfbhfasx
0.992136817683:#resigndickhead #marchinmarch australia has had enough of the ridiculous man with backward views! #auspol #abbottgov http://t.co/w6ckgoxjoy
